20
9 9 15 5 16 5  ;
14  ;
17 9 14 8 17 14  ;
12 3 3 15 5 1  ;
16  ;
8 7 6 19 6  ;
18 12 14 9 3 4 10  ;
2 15 18 12  ;
14 5 11  ;
13 6 12 18 7  ;
15 15 10 17 16 16 18 4  ;
19 15 6 19 5 5 3 19 14  ;
11  ;
16 2 15 7 6 12 19  ;
13 8 11 16 2 3 10 16 3  ;
19 1 16 16 12 17  ;
2 19 5 9 6 6 4  ;
10  ;
17 1 14 7  ;
10 10  ;
9 5 3 17 3  ;
11 2 5  ;
1  ;
10 19 19 13 2  ;
7 10 13 18 17 19 6 16 3  ;
1 5  ;
9 19 1 7 10  ;
16 16 15 14 12 6 17 9  ;
19 5 9  ;
16 6 19 10 13 4 6 2 9  ;
12 13 14 2 10 12 5 12 19  ;
3 15 14 17 3 14  ;
11 4 15 6  ;
8 3 3 7 1  ;
13 2 5 5 11 7 8  ;
6 7 7  ;
5 3 9 6 4  ;
16 3 17 8 12 19 7 1  ;
6 6 3 5 2 11 16  ;
13 4 2 15 17 11 10  ;
7 4  ;
7 13  ;
14  ;
10 19 5 13 12 7 6  ;
5 15 11 15 17 10  ;
16 15 11 8 8 12 4 10  ;
12 3 7  ;
12 9 9 16 16 14 5 2 1  ;
4 12 16 10 16 7 1  ;
11 10 8 10 1 14 7  ;
11 13  ;
16 15 11 5  ;
18 7 1  ;
14  ;
5 1 7 13 19 17 14  ;
9 3  ;
16 18 9  ;
18 2 4 4  ;
6 16 16 17 2 12 5 7  ;
8 14 15 14 15  ;
